4.0
1.0
1.0
1.0
l
4
1.0
1.0
l
2
4.0
1.0
1.0
1.0
l
4
1.0
1.0
1.0
l
3
1.0
9.0
1.0
l
3
2.0
2.0
2.0
l
3
1.0
4.0
l
2
1.0
1.0
7.0
2.0
l
4
5.0
2.0
1.0
1.0
l
4
1.0
4.0
8.0
1.0
7.0
1.0
1.0
8.0
1.0
8.0
l
10
4.0
1.0
7.0
1.0
1.0
1.0
7.0
1.0
1.0
1.0
1.0
4.0
1.0
1.0
1.0
1.0
l
16
4.0
1.0
6.0
1.0
1.0
1.0
7.0
1.0
1.0
1.0
4.0
1.0
4.0
1.0
1.0
1.0
l
16
1.0
1.0
1.0
1.0
1.0
1.0
1.0
1.0
7.0
1.0
4.0
1.0
1.0
1.0
1.0
7.0
4.0
l
17
1.0
1.0
1.0
1.0
1.0
1.0
8.0
4.0
1.0
1.0
1.0
4.0
7.0
1.0
1.0
l
15
4.0
1.0
1.0
1.0
8.0
1.0
1.0
8.0
4.0
1.0
1.0
1.0
1.0
1.0
l
14
1.0
1.0
1.0
1.0
1.0
7.0
4.0
4.0
1.0
1.0
1.0
l
11
1.0
1.0
1.0
1.0
1.0
8.0
4.0
1.0
1.0
1.0
1.0
1.0
l
12
1.0
4.0
1.0
4.0
1.0
1.0
1.0
8.0
4.0
1.0
1.0
1.0
1.0
1.0
4.0
l
15
1.0
4.0
1.0
1.0
1.0
1.0
1.0
7.0
4.0
1.0
1.0
1.0
1.0
6.0
2.0
1.0
7.0
l
17
